Mnist Dataset:

TH2 = 0.001

Th1			Training_acc			Testing_acc		Training Time(s)		Num of parameters
=====================================================================
0.005			0.9858			0.9644		316.97			6525
0.001			0.9872			0.9677		266.46			6600
0.0005		0.9872			0.9677		266.39			6600
0.002			0.9872			0.9677		264.84			6600
0.0035		0.9867			0.9670		273.94			6575
0.0075		0.9848			0.9627		257.66			6250


Fashion Minist:

Th2 = 0.001

Th1			Training_acc			Testing_acc		Training Time(s)		Num of parameters
=====================================================================
0.005			0.9086			0.8601		169.73			3775
0.001			0.9127			0.8598		148.93			3975
0.003			0.9103			0.8595		144.91			3875
0.0005		0.9127			0.8598		145.48			3975
0.0001		0.9127			0.8598		146.52			3975
0.002			0.9127			0.8598		133.11			3975
0.0075		0.9020			0.8533		103.53			3425